0 7
0 8
0 9
0 10
0 11
0 12
1 13
1 14
1 15
1 16
1 17
1 18
1 19
2 20
2 21
3 22
4 23
5 24
6 25
6 26
7 27
7 28
7 29
7 30
7 31
7 32
7 33
7 34
7 35
8 36
8 37
9 38
9 39
9 40
9 41
10 42
10 43
10 44
10 45
10 46
10 47
10 48
11 49
11 50
11 51
11 52
11 53
11 54
12 55
13 56
13 57
13 58
13 59
14 60
14 61
14 62
14 63
14 64
14 65
14 66
14 67
15 68
15 69
15 70
15 71
15 72
15 73
15 74
15 75
15 76
15 77
15 78
15 79
15 80
16 81
16 82
16 83
16 84
16 85
16 86
16 87
16 88
16 89
16 90
16 91
16 92
16 93
16 94
16 95
16 96
16 97
16 98
16 99
16 100
16 101
16 102
16 103
16 104
16 105
16 106
16 107
16 108
16 109
17 110
17 111
18 112
18 113
18 114
18 115
18 116
18 117
18 118
18 119
18 120
19 121
19 122
19 123
20 124
20 125
20 126
20 127
20 128
20 129
20 130
20 131
20 132
21 133
21 134
21 135
21 136
21 137
22 138
22 139
22 140
22 141
22 142
22 143
22 144
22 145
22 146
22 147
22 148
22 149
22 150
22 151
22 152
22 153
22 154
22 155
22 156
23 157
23 158
24 159
24 160
24 161
24 162
24 163
24 164
24 165
24 166
24 167
24 168
24 169
24 170
24 171
24 172
24 173
24 174
25 175
25 176
25 177
25 178
25 179
25 180
25 181
26 182
26 183
26 184
26 185
26 186
27 187
27 188
27 189
27 190
28 191
28 192
28 193
28 194
28 195
28 196
28 197
29 198
29 199
30 200
30 201
30 202
30 203
30 204
30 205
30 206
30 207
30 208
30 209
30 210
30 211
30 212
30 213
30 214
30 215
30 216
30 217
30 218
30 219
30 220
30 221
30 222
30 223
30 224
30 225
30 226
30 227
31 228
31 229
31 230
31 231
31 232
31 233
31 234
32 235
32 236
32 237
32 238
32 239
32 240
32 241
32 242
32 243
32 244
32 245
32 246
32 247
32 248
32 249
32 250
32 251
32 252
33 253
33 254
33 255
33 256
33 257
33 258
33 259
33 260
33 261
34 262
34 263
34 264
34 265
34 266
34 267
34 268
34 269
34 270
34 271
34 272
34 273
34 274
34 275
34 276
34 277
34 278
34 279
34 280
34 281
35 282
35 283
35 284
35 285
35 286
35 287
35 288
35 289
35 290
35 291
35 292
35 293
35 294
35 295
35 296
35 297
35 298
35 299
35 300
35 301
36 302
36 303
36 304
37 305
37 306
37 307
37 308
37 309
38 310
39 311
40 312
40 313
41 314
42 315
43 316
44 317
44 318
44 319
44 320
44 321
44 322
44 323
44 324
44 325
45 326
45 327
45 328
45 329
46 330
46 331
46 332
47 333
47 334
47 335
47 336
48 337
48 338
48 339
49 340
49 341
49 342
49 343
49 344
49 345
49 346
49 347
49 348
50 349
50 350
50 351
51 352
51 353
51 354
51 355
51 356
52 357
52 358
53 359
53 360
53 361
53 362
54 363
54 364
55 365
55 366
55 367
55 368
55 369
55 370
55 371
55 372
55 373
55 374
55 375
55 376
56 377
57 378
57 379
57 380
57 381
57 382
57 383
57 384
57 385
57 386
57 387
58 388
58 389
58 390
58 391
58 392
58 393
58 394
58 395
58 396
58 397
58 398
59 399
59 400
59 401
59 402
59 403
59 404
59 405
59 406
59 407
59 408
59 409
59 410
59 411
59 412
59 413
59 414
60 415
61 416
62 417
62 418
62 419
63 420
63 421
63 422
63 423
63 424
63 425
63 426
63 427
64 428
65 429
65 430
66 431
66 432
66 433
67 434
67 435
67 436
67 437
67 438
67 439
67 440
67 441
67 442
68 443
69 444
70 445
71 446
72 447
73 448
74 449
74 450
74 451
74 452
75 453
76 454
77 455
78 456
78 457
79 458
80 459
81 460
82 461
83 462
84 463
85 464
86 465
87 466
87 467
87 468
88 469
89 470
89 471
89 472
90 473
91 474
92 475
93 476
93 477
94 478
95 479
95 480
95 481
95 482
95 483
95 484
95 485
95 486
95 487
96 488
96 489
96 490
96 491
96 492
96 493
97 494
98 495
99 496
99 497
99 498
99 499
99 500
99 501
99 502
99 503
99 504
99 505
99 506
100 507
100 508
100 509
100 510
101 511
101 512
102 513
102 514
102 515
103 516
103 517
104 518
104 519
104 520
104 521
104 522
104 523
104 524
104 525
105 526
106 527
107 528
108 529
109 530
109 531
109 532
109 533
110 534
110 535
110 536
110 537
111 538
111 539
111 540
111 541
111 542
111 543
112 544
112 545
112 546
112 547
112 548
112 549
112 550
113 551
114 552
114 553
114 554
115 555
115 556
115 557
115 558
115 559
115 560
115 561
116 562
116 563
116 564
116 565
116 566
116 567
116 568
116 569
116 570
116 571
116 572
116 573
116 574
116 575
116 576
116 577
116 578
116 579
116 580
116 581
116 582
116 583
116 584
116 585
116 586
116 587
117 588
117 589
117 590
118 591
118 592
118 593
118 594
118 595
118 596
118 597
118 598
118 599
118 600
118 601
118 602
118 603
118 604
118 605
118 606
118 607
118 608
118 609
118 610
118 611
118 612
118 613
119 614
120 615
121 616
121 617
121 618
122 619
123 620
123 621
124 622
124 623
124 624
124 625
124 626
124 627
125 628
125 629
125 630
125 631
125 632
126 633
126 634
127 635
128 636
128 637
128 638
128 639
128 640
128 641
128 642
128 643
128 644
129 645
129 646
129 647
129 648
129 649
129 650
129 651
129 652
130 653
130 654
131 655
132 656
132 657
132 658
132 659
132 660
132 661
132 662
133 663
134 664
135 665
136 666
136 667
136 668
136 669
136 670
136 671
136 672
136 673
136 674
136 675
136 676
136 677
137 678
137 679
137 680
137 681
138 682
139 683
139 684
139 685
139 686
139 687
140 688
141 689
142 690
143 691
144 692
144 693
144 694
144 695
145 696
145 697
145 698
146 699
147 700
148 701
149 702
150 703
150 704
150 705
151 706
152 707
153 708
154 709
155 710
156 711
157 712
157 713
157 714
157 715
158 716
158 717
158 718
158 719
158 720
158 721
158 722
158 723
158 724
158 725
158 726
159 727
159 728
159 729
159 730
160 731
161 732
161 733
162 734
162 735
162 736
163 737
164 738
164 739
164 740
164 741
164 742
165 743
165 744
165 745
165 746
165 747
166 748
166 749
166 750
167 751
167 752
168 753
169 754
170 755
171 756
171 757
171 758
172 759
173 760
174 761
175 762
175 763
175 764
175 765
175 766
175 767
175 768
175 769
175 770
175 771
175 772
175 773
175 774
175 775
175 776
175 777
175 778
175 779
175 780
175 781
175 782
175 783
175 784
176 785
177 786
177 787
177 788
177 789
177 790
178 791
178 792
178 793
178 794
179 795
180 796
180 797
180 798
180 799
180 800
180 801
181 802
181 803
181 804
181 805
181 806
181 807
181 808
182 809
182 810
182 811
182 812
182 813
182 814
182 815
182 816
182 817
182 818
182 819
182 820
182 821
182 822
182 823
183 824
183 825
184 826
184 827
185 828
185 829
185 830
186 831
